18.984312 78.83351
19.025795 78.826439
19.079827 78.816577
19.144918 78.801478
19.213745 78.789861
19.259089 78.778562
19.30742 78.761629
19.30576 78.75653
19.303601 78.749886
19.284088 78.740123
19.245047 78.730894
19.213225 78.725594
19.17925 78.71912
19.174885 78.71805
19.174214 78.718136
19.17261 78.718312
19.16803 78.71867
19.152687 78.719692
19.149025 78.719738
19.146736 78.719601
19.14674 78.719425
19.149738 78.719273
19.156356 78.719067
19.173299 78.717999
19.174116 78.717861
19.163352 78.715222
19.210238 78.703233
19.237458 78.695121
19.288176 78.690273
19.327239 78.686411
19.324846 78.685849
19.322072 78.685551
19.320278 78.685406
19.319366 78.685849
19.316676 78.686589
19.312952 78.686932
19.31024 78.68581
19.310916 78.684422
19.309773 78.683972
19.30749 78.683521
19.304295 78.683125
19.294257 78.683437
19.291972 78.683575
19.288554 78.683971
19.286728 78.684513
19.283991 78.684513
19.282846 78.684246
19.281479 78.682903
19.281477 78.682407
19.279879 78.681873
19.277142 78.68156
19.272119 78.681644
19.270296 78.681469
19.270296 78.681064
19.27121 78.680706
19.272577 78.680347
19.274399 78.679271
19.274772 78.676975
19.274854 78.67641
19.274015 78.674663
19.27384 78.672916
19.27439 78.672336
19.274392 78.671886
19.273271 78.67155
19.269147 78.671123
19.267781 78.671123
19.265272 78.671702
19.265047 78.67287
19.264133 78.673228
19.261853 78.67345
19.260488 78.673678
19.258435 78.674258
19.25059 78.677753
19.250613 78.678104
19.250883 78.680438
19.241555 78.680171
19.23061 78.679004
19.227646 78.678782
19.226963 78.678805
19.216926 78.67882
19.215331 78.678508
19.215333 78.67779
19.217386 78.677394
19.219438 78.677073
19.222632 78.676448
19.222638 78.675288
19.219451 78.674342
19.218768 78.673586
19.217862 78.672152
19.218318 78.671343
19.221802 78.669642
19.221097 78.667185
19.196635 78.667185
19.163297 78.667184
19.14604 78.667184
19.140408 78.667787
19.137667 78.668146
19.133823 78.668825
19.123972 78.67006
19.120556 78.670106
19.119322 78.669877
19.120591 78.66932
19.122126 78.669152
19.123315 78.66887
19.126312 78.668107
19.12714 78.666581
19.126375 78.666238
19.124975 78.665521
19.122847 78.663827
19.12276 78.661988
19.12363 78.661134
19.12474 78.660874
19.125877 78.660371
19.121952 78.659219
19.1208 78.65899
19.118972 78.65886
19.117839 78.658906
19.112249 78.657311
19.112033 78.656449
19.111349 78.656411
19.104516 78.656418
19.102208 78.655709
19.102178 78.654946
19.101703 78.654457
19.096612 78.653381
19.091635 78.653351
19.089585 78.653358
19.088907 78.653404
19.087508 78.652595
19.087908 78.651436
19.088289 78.649643
19.087602 78.649505
19.078467 78.648758
19.077555 78.648719
19.075051 78.648719
19.070736 78.648857
19.068235 78.649047
19.062537 78.64878
19.060942 78.648742
19.059813 78.648879
19.055315 78.650184
19.054416 78.650497
19.05442 78.65068
19.052614 78.650993
19.051477 78.651
19.049876 78.650825
19.048497 78.650512
19.048469 78.649795
19.048679 78.649337
19.050264 78.649078
19.055477 78.648528
19.056826 78.648216
19.056822 78.648033
19.056136 78.647987
19.050446 78.647994
19.047258 78.647865
19.046573 78.647735
19.047239 78.647376
19.048355 78.646842
19.054161 78.644134
19.056665 78.643485
19.066858 78.641769
19.069807 78.641364
19.08342 78.639961
19.094394 78.638831
19.098083 78.638649
19.131319 78.632298
19.165863 78.621542
19.207316 78.614673
19.243571 78.610265
19.286338 78.607154
19.306555 78.603169
19.323691 78.600426
19.330733 78.599026
19.341333 78.593683
19.345803 78.590825
19.357399 78.58816
19.360697 78.586216
19.37896 78.582554
19.39998 78.579548
19.400122 78.577276
19.401638 78.575309
19.403069 78.573118
19.407502 78.570882
19.408351 78.569149
19.402651 78.567064
19.396813 78.564608
19.386505 78.562293
19.376922 78.559893
19.368364 78.559197
19.361009 78.556688
19.359129 78.554696
19.360257 78.551687
19.352293 78.552553
19.337486 78.554268
19.325479 78.555417
19.314219 78.556555
19.306276 78.557495
19.302219 78.558751
19.295967 78.560189
19.28781 78.561579
19.277749 78.562923
19.271546 78.564509
19.264106 78.565813
19.256923 78.565768
19.252733 78.564632
19.250713 78.56324
19.251182 78.561438
19.249995 78.560258
19.246081 78.559866
19.241103 78.560686
19.232695 78.561405
19.225329 78.561885
19.213195 78.562732
19.20339 78.56377
19.18852 78.565403
19.180587 78.566413
19.174932 78.567466
19.170187 78.567907
19.163887 78.568221
19.160964 78.569533
19.15721 78.570634
19.150746 78.571547
19.144012 78.572764
19.141704 78.573694
19.14009 78.575512
19.140703 78.577223
19.134796 78.578652
19.133835 78.57702
19.131 78.574368
19.128086 78.571492
19.126247 78.568452
19.125238 78.565624
19.12849 78.56311
19.129111 78.561681
19.135066 78.559353
19.144691 78.555703
19.150533 78.553078
19.154498 78.550479
19.147836 78.548703
19.143666 78.546519
19.144501 78.54359
19.140575 78.541028
19.134539 78.537822
19.125676 78.534058
19.114701 78.531744
19.10337 78.531604
19.092683 78.531155
19.081518 78.530413
19.071964 78.5289
19.064901 78.526979
19.057514 78.528428
19.050499 78.529871
19.044683 78.531521
19.038503 78.53213
19.03107 78.532381
19.022424 78.533472
19.01499 78.533724
19.010187 78.53506
19.00546 78.53662
19.001624 78.537495
18.991761 78.537256
18.98492 78.537049
18.977636 78.537746
18.973142 78.537807
18.972164 78.537148
18.977227 78.536556
18.982409 78.535214
18.989733 78.533545
18.994681 78.531533
18.989084 78.530562
18.967943 78.529204
18.960818 78.52867
18.958844 78.529434
18.955324 78.531197
18.95288 78.532402
18.951993 78.532768
18.94742 78.534508
18.942617 78.535561
18.94127 78.535698
18.935187 78.535828
18.934962 78.53579
18.929774 78.535568
18.927296 78.53553
18.920328 78.535538
18.89876 78.53865
18.897865 78.538925
18.897654 78.539543
18.898333 78.539726
18.900131 78.539413
18.900801 78.539192
18.901701 78.539093
18.903512 78.538925
18.906692 78.538643
18.909137 78.538445
18.909797 78.538414
18.90531 78.539276
18.903517 78.539673
18.902184 78.540298
18.900846 78.540978
18.900404 78.541206
18.900184 78.541466
18.899072 78.542015
18.895951 78.543404
18.894831 78.543755
18.892136 78.544083
18.890785 78.544174
18.888525 78.543991
18.888067 78.54377
18.888046 78.542961
18.888264 78.542473
18.889599 78.541801
18.890494 78.541573
18.890713 78.541389
18.890481 78.541122
18.889357 78.541084
18.883768 78.543014
18.880191 78.544449
18.878186 78.545433
18.877743 78.545708
18.877749 78.545891
18.876856 78.546288
18.874845 78.547058
18.862073 78.55069
18.858929 78.551369
18.854444 78.552498
18.853777 78.552994
18.853332 78.553345
18.853343 78.553841
18.854493 78.554779
18.854501 78.555092
18.854052 78.555405
18.85307 78.555763
18.851944 78.556122
18.850363 78.556442
18.846756 78.556977
18.844835 78.55716
18.843488 78.557259
18.839421 78.557213
18.837838 78.557076
18.835797 78.556625
18.83533 78.555916
18.835311 78.554886
18.835752 78.55426
18.839333 78.553047
18.84225 78.552101
18.845615 78.551201
18.853469 78.5494
18.857515 78.548599
18.860658 78.547966
18.864459 78.546699
18.86604 78.54599
18.866927 78.545494
18.870985 78.543625
18.87398 78.542442
18.876067 78.541626
18.87717 78.540642
18.877161 78.540283
18.876035 78.540291
18.872464 78.541771
18.871117 78.542
18.868412 78.542045
18.853068 78.541427
18.850127 78.541069
18.846961 78.540489
18.847186 78.540443
18.845368 78.539909
18.837904 78.538711
18.828659 78.538314
18.827529 78.538314
18.82666 78.538332
18.812843 78.540171
18.801768 78.545235
18.803319 78.545676
18.804007 78.546256
18.804934 78.547515
18.805167 78.547881
18.804041 78.548103
18.790688 78.548107
18.786458 78.54886
18.76638 78.554562
18.736778 78.553487
18.698944 78.555236
18.683243 78.55761
18.666614 78.559967
18.668102 78.559988
18.674659 78.561331
18.675789 78.561606
18.676015 78.561827
18.67534 78.562186
18.670155 78.563582
18.668801 78.563803
18.654579 78.565955
18.653227 78.566092
18.647129 78.565733
18.626786 78.563406
18.625206 78.563185
18.625204 78.562651
18.625884 78.562246
18.627025 78.562065
18.613711 78.561874
18.577519 78.56463
18.555317 78.568301
18.530305 78.569554
18.513249 78.569894
18.497752 78.568582
18.468907 78.568515
18.450239 78.568054
18.459555 78.560189
18.471192 78.553249
18.469007 78.548241
18.475257 78.543949
18.459875 78.540594
18.450891 78.538098
18.44943 78.538405
18.417616 78.537809
18.36519 78.537447
18.303546 78.538872
18.274142 78.529528
18.252118 78.520341
18.236582 78.512533
18.202843 78.509034
18.173913 78.507315
18.174152 78.507375
18.173917 78.507642
18.172786 78.507871
18.168503 78.508131
18.159509 78.508199
18.155242 78.508069
18.148511 78.507749
18.143345 78.507642
18.12424 78.50752
18.120865 78.507611
18.115007 78.507962
18.108918 78.508435
18.106431 78.508748
18.104859 78.508641
18.110828 78.507779
18.113445 78.50771
18.11685 78.506833
18.116851 78.506795
18.095243 78.50883
18.080162 78.508581
18.06895 78.507474
18.055864 78.506224
18.055958 78.506283
18.05617 78.506641
18.055714 78.506825
18.05435 78.507137
18.050795 78.506229
18.050379 78.505566
18.050398 78.505115
18.050627 78.505024
18.050413 78.504757
18.049525 78.50462
18.047497 78.504703
18.047027 78.505016
18.047001 78.505596
18.047866 78.506359
18.048526 78.50668
18.050745 78.507305
18.050859 78.50787
18.053323 78.509861
18.055308 78.510678
18.05664 78.510945
18.057769 78.51099
18.059331 78.511219
18.059993 78.511448
18.059537 78.511578
18.05819 78.511624
18.051911 78.511204
18.050583 78.510662
18.050599 78.510441
18.051051 78.510357
18.051503 78.510357
18.050868 78.509457
18.048915 78.508061
18.046947 78.506809
18.042949 78.50581
18.036831 78.504392
18.028856 78.504082
18.006402 78.504313
17.985333 78.503735
17.952597 78.504708
17.951479 78.505587
17.951464 78.505847
17.951893 78.506213
17.952559 78.506396
17.953226 78.506533
17.959956 78.506816
17.965114 78.506999
17.96668 78.507091
17.966899 78.507228
17.967765 78.507854
17.967292 78.508311
17.965943 78.508304
17.955656 78.507342
17.954535 78.507197
17.952761 78.506793
17.951874 78.506526
17.95121 78.506388
17.948538 78.505931
17.945417 78.50548
17.944504 78.505477
17.936544 78.506751
17.935425 78.50725
17.935404 78.507609
17.935616 78.507884
17.936909 78.508914
17.937975 78.509951
17.939029 78.511157
17.938344 78.511294
17.935647 78.511279
17.935456 78.511253
17.933564 78.511583
17.935597 78.512225
17.937125 78.513034
17.939303 78.514293
17.939057 78.514659
17.937678 78.515193
17.935721 78.515548
17.914405 78.528924
17.901384 78.539844
17.904106 78.542481
17.910636 78.548802
17.953147 78.557429
17.957886 78.562254
17.919268 78.577685
17.883219 78.595984
17.877085 78.609039
17.89141 78.6287
17.767122 78.648243
17.65864 78.661309
17.612806 78.662121
17.537644 78.66557
17.537504 78.665576
17.537808 78.667166
17.538162 78.668767
17.556395 78.678869
17.556407 78.686873
17.544407 78.696719
17.531386 78.70205
17.552509 78.709177
17.549977 78.721726
17.536621 78.733671
17.550857 78.749557
17.566514 78.760133
17.599734 78.766651
17.591702 78.787136
17.59339 78.797791
17.526788 78.818064
17.525469 78.818465
17.588406 78.817147
17.655234 78.81526
17.6612 78.815866
17.700474 78.815357
17.731119 78.813849
17.731497 78.813533
17.753882 78.80602
17.763286 78.794971
17.785993 78.783537
17.815376 78.783001
17.853571 78.785512
17.871501 78.787429
17.874544 78.786776
17.875362 78.7866
17.891862 78.783057
17.918495 78.782277
17.940098 78.777628
17.935345 78.774802
17.950582 78.77152
17.996343 78.76715
18.036726 78.762827
18.075323 78.761911
18.099518 78.767144
18.100903 78.773183
18.106409 78.778259
18.113417 78.780433
18.112682 78.779734
18.112747 78.779063
18.114622 78.778758
18.115983 78.778941
18.11846 78.77949
18.118607 78.780291
18.118334 78.780742
18.115366 78.781037
18.124426 78.783846
18.152752 78.78788
18.159576 78.78919
18.16077 78.789409
18.163734 78.789738
18.163709 78.789959
18.163591 78.789961
18.170181 78.791225
18.208515 78.792582
18.229672 78.794441
18.245212 78.793952
18.261303 78.795382
18.267576 78.799966
18.27811 78.804985
18.305222 78.810142
18.323085 78.81187
18.336786 78.813483
18.352045 78.814757
18.355481 78.816826
18.35855 78.816581
18.364301 78.816871
18.365216 78.816963
18.366578 78.817276
18.36978 78.818352
18.366011 78.81858
18.363259 78.81839
18.356498 78.817438
18.365135 78.822633
18.374731 78.82429
18.380326 78.820858
18.393096 78.816543
18.442783 78.811325
18.476538 78.811472
18.521581 78.809806
18.550113 78.811753
18.556559 78.818238
18.551374 78.825145
18.574662 78.833642
18.611673 78.832709
18.713541 78.831976
18.779063 78.832175
18.847339 78.840442
18.915345 78.840073
18.983817 78.833594
18.984312 78.83351
